1 1  6.752040165863713e+09
1 2  1.549757387929425e+08
2 1  1.549757387929425e+08
1 3 -6.823857812140319e+09
3 1 -6.823857812140319e+09
1 4  3.080113447222280e+07
4 1  3.080113447222280e+07
1 5  5.558916326931874e+09
5 1  5.558916326931874e+09
1 6 -2.988597746106435e+07
6 1 -2.988597746106435e+07
1 7 -5.639563838714265e+09
7 1 -5.639563838714265e+09
1 8 -1.558908958041009e+08
8 1 -1.558908958041009e+08
2 2  2.382931148855207e+09
2 3 -3.203964696065722e+07
3 2 -3.203964696065722e+07
2 4 -2.367478884220093e+09
4 2 -2.367478884220093e+09
2 5  2.988597746106435e+07
5 2  2.988597746106435e+07
2 6  1.178824349134162e+09
6 2  1.178824349134162e+09
2 7 -1.583679207809698e+08
7 2 -1.583679207809698e+08
2 8 -1.194276613769277e+09
8 2 -1.194276613769277e+09
3 3  6.909994220344577e+09
3 4 -1.593105325024630e+08
4 3 -1.593105325024630e+08
3 5 -5.639563838714264e+09
5 3 -5.639563838714264e+09
3 6  1.583679207809698e+08
6 3  1.583679207809698e+08
3 7  5.716782957001792e+09
7 3  5.716782957001792e+09
3 8  3.298225868215041e+07
8 3  3.298225868215041e+07
4 4  2.383084141574367e+09
4 5  1.558908958041009e+08
5 4  1.558908958041009e+08
4 6 -1.194276613769277e+09
6 4 -1.194276613769277e+09
4 7 -3.298225868215043e+07
7 4 -3.298225868215043e+07
4 8  1.178671356415003e+09
8 4  1.178671356415003e+09
5 5  6.752040165863710e+09
5 6 -1.549757387929424e+08
6 5 -1.549757387929424e+08
5 7 -6.823857812140318e+09
7 5 -6.823857812140318e+09
5 8 -3.080113447222280e+07
8 5 -3.080113447222280e+07
6 6  2.382931148855205e+09
6 7  3.203964696065722e+07
7 6  3.203964696065722e+07
6 8 -2.367478884220091e+09
8 6 -2.367478884220091e+09
7 7  6.909994220344575e+09
7 8  1.593105325024630e+08
8 7  1.593105325024630e+08
8 8  2.383084141574365e+09
