1 1  3.380424087633377e+09
1 2  1.549757387929425e+08
2 1  1.549757387929425e+08
1 3 -3.409710511642346e+09
3 1 -3.409710511642346e+09
1 4  3.080113447222280e+07
4 1  3.080113447222280e+07
1 5  2.775054158764416e+09
5 1  2.775054158764416e+09
1 6 -2.988597746106435e+07
6 1 -2.988597746106435e+07
1 7 -2.822000313784945e+09
7 1 -2.822000313784945e+09
1 8 -1.558908958041009e+08
8 1 -1.558908958041009e+08
2 2  1.204106799721032e+09
2 3 -3.203964696065722e+07
3 2 -3.203964696065722e+07
2 4 -1.173202270450803e+09
4 2 -1.173202270450803e+09
2 5  2.988597746106435e+07
5 2  2.988597746106435e+07
2 6  5.767709492736535e+08
6 2  5.767709492736535e+08
2 7 -1.583679207809698e+08
7 2 -1.583679207809698e+08
2 8 -6.076754785438821e+08
8 2 -6.076754785438821e+08
3 3  3.459466683182020e+09
3 4 -1.593105325024630e+08
4 3 -1.593105325024630e+08
3 5 -2.822000313784945e+09
5 3 -2.822000313784945e+09
3 6  1.583679207809698e+08
6 3  1.583679207809698e+08
3 7  2.853921905491164e+09
7 3  2.853921905491164e+09
3 8  3.298225868215041e+07
8 3  3.298225868215041e+07
4 4  1.204412785159350e+09
4 5  1.558908958041009e+08
5 4  1.558908958041009e+08
4 6 -6.076754785438821e+08
6 4 -6.076754785438821e+08
4 7 -3.298225868215043e+07
7 4 -3.298225868215043e+07
4 8  5.764649638353343e+08
8 4  5.764649638353343e+08
5 5  6.760848175266753e+09
5 6  2.980232238769531e-08
6 5  2.980232238769531e-08
5 7 -6.819421023284692e+09
7 5 -6.819421023284692e+09
5 9  2.775054158764416e+09
9 5  2.775054158764416e+09
5 10 -2.988597746106435e+07
10 5 -2.988597746106435e+07
5 11 -2.822000313784945e+09
11 5 -2.822000313784945e+09
5 12 -1.558908958041009e+08
12 5 -1.558908958041009e+08
6 6  2.408213599442062e+09
6 8 -2.346404540901604e+09
8 6 -2.346404540901604e+09
6 9  2.988597746106435e+07
9 6  2.988597746106435e+07
6 10  5.767709492736535e+08
10 6  5.767709492736535e+08
6 11 -1.583679207809698e+08
11 6 -1.583679207809698e+08
6 12 -6.076754785438821e+08
12 6 -6.076754785438821e+08
7 7  6.918933366364038e+09
7 8 -2.980232238769531e-08
8 7 -2.980232238769531e-08
7 9 -2.822000313784945e+09
9 7 -2.822000313784945e+09
7 10  1.583679207809698e+08
10 7  1.583679207809698e+08
7 11  2.853921905491164e+09
11 7  2.853921905491164e+09
7 12  3.298225868215041e+07
12 7  3.298225868215041e+07
8 8  2.408825570318700e+09
8 9  1.558908958041009e+08
9 8  1.558908958041009e+08
8 10 -6.076754785438821e+08
10 8 -6.076754785438821e+08
8 11 -3.298225868215043e+07
11 8 -3.298225868215043e+07
8 12  5.764649638353343e+08
12 8  5.764649638353343e+08
9 9  3.380424087633376e+09
9 10 -1.549757387929424e+08
10 9 -1.549757387929424e+08
9 11 -3.409710511642346e+09
11 9 -3.409710511642346e+09
9 12 -3.080113447222280e+07
12 9 -3.080113447222280e+07
10 10  1.204106799721030e+09
10 11  3.203964696065722e+07
11 10  3.203964696065722e+07
10 12 -1.173202270450802e+09
12 10 -1.173202270450802e+09
11 11  3.459466683182019e+09
11 12  1.593105325024630e+08
12 11  1.593105325024630e+08
12 12  1.204412785159349e+09
