1 1  6.740044803209803e+09
1 2  1.548931967778211e+08
2 1  1.548931967778211e+08
1 3 -6.774443597242688e+09
3 1 -6.774443597242688e+09
1 4  3.088367648734428e+07
4 1  3.088367648734428e+07
1 7  5.555715617173782e+09
7 1  5.555715617173782e+09
1 8 -3.042269169016025e+07
8 1 -3.042269169016025e+07
1 9 -5.598900564506972e+09
9 1 -5.598900564506972e+09
1 10 -1.553541815750051e+08
10 1 -1.553541815750051e+08
2 2  2.365360866467498e+09
2 3 -3.150293273156150e+07
3 2 -3.150293273156150e+07
2 4 -2.349985098191964e+09
4 2 -2.349985098191964e+09
2 7  3.042269169016025e+07
7 2  3.042269169016025e+07
2 8  1.170076241142636e+09
8 2  1.170076241142636e+09
2 9 -1.565926940634396e+08
9 2 -1.565926940634396e+08
2 10 -1.185452009418171e+09
10 2 -1.185452009418171e+09
3 3  1.365999247929237e+10
3 4  1.547887012547553e+05
4 3  1.547887012547553e+05
3 5 -6.875313933953877e+09
5 3 -6.875313933953877e+09
3 6  3.134814403030640e+07
6 3  3.134814403030640e+07
3 7 -5.598900564506972e+09
7 3 -5.598900564506972e+09
3 8  1.565926940634396e+08
8 3  1.565926940634396e+08
3 9  1.127365737701774e+10
9 3  1.127365737701774e+10
3 10  1.083723787179645e+06
10 3  1.083723787179645e+06
3 11 -5.682269019837479e+09
11 3 -5.682269019837479e+09
3 12 -1.576764178506190e+08
12 3 -1.576764178506190e+08
4 4  4.766015088560377e+09
4 5 -3.196740027452363e+07
5 4 -3.196740027452363e+07
4 6 -2.384972468379025e+09
6 4 -2.384972468379025e+09
4 7  1.553541815750052e+08
7 4  1.553541815750052e+08
4 8 -1.185452009418171e+09
8 4 -1.185452009418171e+09
4 9 -1.083723787179649e+06
9 4 -1.083723787179649e+06
4 10  2.357495907418361e+09
10 4  2.357495907418361e+09
4 11 -1.589149303390534e+08
11 4 -1.589149303390534e+08
4 12 -1.203101419989578e+09
12 4 -1.203101419989578e+09
5 5  6.919947676082561e+09
5 6 -1.593827791885964e+08
6 5 -1.593827791885964e+08
5 9 -5.682269019837480e+09
9 5 -5.682269019837480e+09
5 10  1.589149303390534e+08
10 5  1.589149303390534e+08
5 11  5.717941759843957e+09
11 5  5.717941759843957e+09
5 12  3.243524912406671e+07
12 5  3.243524912406671e+07
6 6  2.400654222092878e+09
6 9  1.576764178506189e+08
9 6  1.576764178506189e+08
6 10 -1.203101419989578e+09
10 6 -1.203101419989578e+09
6 11 -3.243524912406668e+07
11 6 -3.243524912406668e+07
6 12  1.187419666275724e+09
12 6  1.187419666275724e+09
7 7  1.348008960641961e+10
7 8  2.980232238769531e-08
8 7  2.980232238769531e-08
7 9 -1.354888719448537e+10
9 7 -1.354888719448537e+10
7 13  5.555715617173782e+09
13 7  5.555715617173782e+09
7 14 -3.042269169016025e+07
14 7 -3.042269169016025e+07
7 15 -5.598900564506972e+09
15 7 -5.598900564506972e+09
7 16 -1.553541815750051e+08
16 7 -1.553541815750051e+08
8 8  4.730721732934998e+09
8 9 -3.725290298461914e-09
9 8 -3.725290298461914e-09
8 10 -4.699970196383928e+09
10 8 -4.699970196383928e+09
8 13  3.042269169016025e+07
13 8  3.042269169016025e+07
8 14  1.170076241142636e+09
14 8  1.170076241142636e+09
8 15 -1.565926940634396e+08
15 8 -1.565926940634396e+08
8 16 -1.185452009418171e+09
16 8 -1.185452009418171e+09
9 9  2.731998495858472e+10
9 11 -1.375062786790775e+10
11 9 -1.375062786790775e+10
9 12  1.117587089538574e-08
12 9  1.117587089538574e-08
9 13 -5.598900564506972e+09
13 9 -5.598900564506972e+09
9 14  1.565926940634396e+08
14 9  1.565926940634396e+08
9 15  1.127365737701774e+10
15 9  1.127365737701774e+10
9 16  1.083723787179645e+06
16 9  1.083723787179645e+06
9 17 -5.682269019837479e+09
17 9 -5.682269019837479e+09
9 18 -1.576764178506190e+08
18 9 -1.576764178506190e+08
10 10  9.532030177120750e+09
10 11 -1.862645149230957e-08
11 10 -1.862645149230957e-08
10 12 -4.769944936758045e+09
12 10 -4.769944936758045e+09
10 13  1.553541815750052e+08
13 10  1.553541815750052e+08
10 14 -1.185452009418171e+09
14 10 -1.185452009418171e+09
10 15 -1.083723787179649e+06
15 10 -1.083723787179649e+06
10 16  2.357495907418361e+09
16 10  2.357495907418361e+09
10 17 -1.589149303390534e+08
17 10 -1.589149303390534e+08
10 18 -1.203101419989578e+09
18 10 -1.203101419989578e+09
11 11  1.383989535216512e+10
11 12  2.980232238769531e-08
12 11  2.980232238769531e-08
11 15 -5.682269019837480e+09
15 11 -5.682269019837480e+09
11 16  1.589149303390534e+08
16 11  1.589149303390534e+08
11 17  5.717941759843957e+09
17 11  5.717941759843957e+09
11 18  3.243524912406671e+07
18 11  3.243524912406671e+07
12 12  4.801308444185753e+09
12 15  1.576764178506189e+08
15 12  1.576764178506189e+08
12 16 -1.203101419989578e+09
16 12 -1.203101419989578e+09
12 17 -3.243524912406668e+07
17 12 -3.243524912406668e+07
12 18  1.187419666275724e+09
18 12  1.187419666275724e+09
13 13  6.740044803209803e+09
13 14 -1.548931967778211e+08
14 13 -1.548931967778211e+08
13 15 -6.774443597242687e+09
15 13 -6.774443597242687e+09
13 16 -3.088367648734428e+07
16 13 -3.088367648734428e+07
14 14  2.365360866467499e+09
14 15  3.150293273156150e+07
15 14  3.150293273156150e+07
14 16 -2.349985098191964e+09
16 14 -2.349985098191964e+09
15 15  1.365999247929236e+10
15 16 -1.547887012547553e+05
16 15 -1.547887012547553e+05
15 17 -6.875313933953875e+09
17 15 -6.875313933953875e+09
15 18 -3.134814403030639e+07
18 15 -3.134814403030639e+07
16 16  4.766015088560373e+09
16 17  3.196740027452362e+07
17 16  3.196740027452362e+07
16 18 -2.384972468379021e+09
18 16 -2.384972468379021e+09
17 17  6.919947676082556e+09
17 18  1.593827791885965e+08
18 17  1.593827791885965e+08
18 18  2.400654222092875e+09
